2
4
6
8
10
12
14
16
18
22
24
26
28
30
32
34
36
40
42
44
46
48
50
52
54
56
58
60
61
62
64
66
68
69
70
72
74
76
77
78
80
82
84
86
88
90
91
92
96
98
100
101
103
104
106
108
110
112
114
116
118
120
122
124
126
128
132
134
136
137
138
140
144
146
148
150
158
159
160
162
165
166
168
170
172
174
176
180
182
184
190
198
252
266
268
270
272
273
328
330
332
333
336
338
340
342
344
348
350
351
352
354
355
356
358
364
366
368
370
384
387
389
390
391
392
393
394
395
396
397
398
399
400
401
402
404
406
408
409
410
412
414
415
418
420
422
424
426
428
430
432
434
436
438
440
442
444
445
446
448
450
452
454
459
460
462
464
466
468
470
472
474
478
480
482
483
484
492
494
495
496
498
500
502
504
508
510
512
514
515
517
518
520
521
522
523
524
525
526
527
528
529
530
532
533
538
540
542
546
548
552
556
559
560
562
564
565
566
568
569
572
574
576
577
578
602
603
604
609
610
616
619
621
626
628
643
644
652
653
654
656
661
663
664
668
677
679
703
704
705
706
707
709
710
711
715
719
721
723
725
731
732
733
735
739
742
743
750
751
752
754
755
757
758
759
761
762
763
766
767
769
770
771
772
773
774
775
776
777
778
779
780
783
784
785
804
828
830
834
877
878
977
1021
1022
1023
1024
1025
1026
1027
1028
1030
1031
1032
1038
1040
